3 0.06484375 0.0734375 0.05390625 0.109375
3 0.1515625 0.13359375 0.0578125 0.0546875
3 0.1609375 0.05 0.07890625 0.09296875
3 0.51640625 0.85625 0.06875 0.08671875
3 0.43984375 0.88671875 0.0640625 0.09140625
3 0.85390625 0.93828125 0.09765625 0.09140625
3 0.671875 0.94609375 0.06015625 0.0828125
3 0.575 0.95390625 0.05234375 0.06015625
3 0.63359375 0.5234375 0.0484375 0.06640625
3 0.53203125 0.57578125 0.065625 0.078125
3 0.31015625 0.48671875 0.06171875 0.10625
3 0.08046875 0.54375 0.05546875 0.10625
3 0.17421875 0.23359375 0.04453125 0.08515625
3 0.16796875 0.37578125 0.05 0.06015625
3 0.21171875 0.5984375 0.0421875 0.06953125
3 0.3640625 0.19609375 0.0453125 0.0796875
3 0.4421875 0.23203125 0.05546875 0.09140625
3 0.85234375 0.27421875 0.0875 0.11953125
3 0.73984375 0.24609375 0.06171875 0.0796875
3 0.696875 0.46328125 0.05 0.075
3 0.9125 0.6421875 0.06640625 0.09140625
3 0.840625 0.790625 0.0578125 0.1078125
3 0.74375 0.728125 0.0609375 0.0796875
3 0.64453125 0.66796875 0.0734375 0.0828125
3 0.4484375 0.69921875 0.07109375 0.0484375
3 0.37890625 0.76875 0.05390625 0.075
3 0.26875 0.74296875 0.053125 0.103125
3 0.14921875 0.775 0.0578125 0.0734375
3 0.07109375 0.7671875 0.06328125 0.075
3 0.15859375 0.5984375 0.0484375 0.06953125
3 0.2328125 0.4484375 0.03203125 0.071875
3 0.08828125 0.23828125 0.046875 0.0578125
3 0.30546875 0.07734375 0.08515625 0.071875
3 0.2671875 0.1828125 0.0484375 0.0765625
3 0.28203125 0.2875 0.05546875 0.06640625
3 0.453125 0.11328125 0.034375 0.0765625
3 0.5125 0.12421875 0.03359375 0.06484375
3 0.5734375 0.13671875 0.04765625 0.06953125
3 0.6453125 0.228125 0.0421875 0.09609375
3 0.575 0.26875 0.06640625 0.078125
3 0.515625 0.3453125 0.05234375 0.0984375
3 0.43984375 0.36640625 0.05546875 0.12109375
3 0.38046875 0.371875 0.05390625 0.1078125
3 0.42109375 0.53125 0.05 0.075
3 0.371875 0.63046875 0.08203125 0.0828125
3 0.76875 0.615625 0.05546875 0.06796875
3 0.7671875 0.47734375 0.0390625 0.0765625
3 0.8875 0.3875 0.06953125 0.06328125
3 0.8625 0.503125 0.06328125 0.08125
3 0.95859375 0.5265625 0.04765625 0.078125
3 0.9609375 0.2359375 0.04765625 0.09296875
3 0.9 0.12734375 0.0421875 0.06171875
3 0.81015625 0.08828125 0.05859375 0.0734375
3 0.71796875 0.11328125 0.05625 0.06640625
3 0.63984375 0.08828125 0.0484375 0.05625
3 0.57734375 0.05390625 0.05 0.04453125
3 0.49296875 0.03203125 0.03984375 0.04140625
3 0.14765625 0.49765625 0.04765625 0.071875
3 0.74453125 0.834375 0.06171875 0.06015625
3 0.6265625 0.8390625 0.05546875 0.071875
3 0.296875 0.85234375 0.0421875 0.06796875
3 0.359375 0.9015625 0.04765625 0.06484375
3 0.22109375 0.8625 0.06875 0.09296875
3 0.153125 0.9109375 0.0765625 0.09609375
3 0.0546875 0.90078125 0.05859375 0.06953125