2 0.1109375 0.721875 0.16015625 0.15390625
2 0.31328125 0.89296875 0.1359375 0.2140625
2 0.4453125 0.78359375 0.065625 0.196875
2 0.48828125 0.5875 0.0703125 0.1921875
2 0.60859375 0.3546875 0.18671875 0.13046875
2 0.425 0.371875 0.06796875 0.1984375
2 0.215625 0.2703125 0.07578125 0.26640625
2 0.08359375 0.28359375 0.08359375 0.3125
2 0.08671875 0.54765625 0.08359375 0.1359375
2 0.175 0.56328125 0.0640625 0.14375
2 0.3046875 0.59765625 0.0890625 0.13046875
2 0.29921875 0.4625 0.06796875 0.1140625
2 0.33984375 0.1078125 0.07578125 0.10234375
2 0.44609375 0.22265625 0.0546875 0.0875
2 0.584375 0.1578125 0.08046875 0.10078125
2 0.6671875 0.2140625 0.065625 0.12421875
2 0.765625 0.28203125 0.1078125 0.19375
2 0.74765625 0.496875 0.07578125 0.14375
2 0.665625 0.6109375 0.09375 0.1671875
2 0.86484375 0.51796875 0.103125 0.15859375
2 0.86171875 0.70078125 0.08125 0.15078125
2 0.734375 0.89609375 0.0890625 0.14375
2 0.81953125 0.84140625 0.08984375 0.15078125
2 0.8984375 0.28125 0.11796875 0.1390625
2 0.92109375 0.11328125 0.0859375 0.1109375
2 0.8453125 0.0796875 0.0734375 0.09609375
2 0.734375 0.121875 0.09140625 0.12109375
2 0.6390625 0.0640625 0.078125 0.08125
2 0.44375 0.12421875 0.0953125 0.12265625
2 0.3015625 0.1921875 0.046875 0.0828125
2 0.384375 0.271875 0.07109375 0.12734375
2 0.31015625 0.325 0.06796875 0.10390625
2 0.1671875 0.08046875 0.06171875 0.1171875
2 0.240625 0.08046875 0.0703125 0.10078125
2 0.1265625 0.08671875 0.08203125 0.1171875
2 0.5734375 0.51796875 0.0859375 0.2578125
2 0.56015625 0.81171875 0.084375 0.21015625
2 0.65859375 0.7421875 0.1265625 0.08125
2 0.77890625 0.73515625 0.08203125 0.16015625
2 0.765625 0.63046875 0.0859375 0.09609375
2 0.95 0.4640625 0.05625 0.13046875
2 0.15625 0.8328125 0.0921875 0.12109375
2 0.234375 0.89765625 0.05390625 0.12734375
2 0.47421875 0.9359375 0.09765625 0.109375
2 0.23828125 0.63359375 0.1 0.16171875