3 0.04453125 0.3890625 0.08203125 0.15078125
3 0.10546875 0.2109375 0.11015625 0.103125
3 0.25390625 0.49453125 0.11953125 0.1296875
3 0.11171875 0.57109375 0.12109375 0.08515625
3 0.07578125 0.6890625 0.10859375 0.08203125
3 0.3296875 0.3328125 0.07578125 0.071875
3 0.2734375 0.41171875 0.07734375 0.05234375
3 0.36328125 0.2234375 0.096875 0.0953125
3 0.25390625 0.17421875 0.0640625 0.059375
3 0.2578125 0.284375 0.0953125 0.096875
3 0.54921875 0.2125 0.10703125 0.103125
3 0.44453125 0.2921875 0.0625 0.1046875
3 0.36015625 0.38984375 0.08671875 0.096875
3 0.421875 0.434375 0.1046875 0.1
3 0.46796875 0.3828125 0.07578125 0.103125
3 0.528125 0.403125 0.06875 0.0671875
3 0.58671875 0.32265625 0.103125 0.14296875
3 0.6953125 0.3359375 0.165625 0.1296875
3 0.81796875 0.3171875 0.11015625 0.11640625
3 0.6921875 0.21953125 0.1375 0.11171875
3 0.8984375 0.25546875 0.1359375 0.159375
3 0.9515625 0.3921875 0.096875 0.090625
3 0.7765625 0.484375 0.128125 0.08828125
3 0.6875 0.52265625 0.11484375 0.09375
3 0.88515625 0.625 0.08671875 0.08828125
3 0.85546875 0.71015625 0.1234375 0.08203125
3 0.92421875 0.67734375 0.0984375 0.1375
3 0.77265625 0.66796875 0.1015625 0.0984375
3 0.68203125 0.7265625 0.1 0.12109375
3 0.5890625 0.734375 0.08515625 0.090625
3 0.58359375 0.64296875 0.090625 0.1015625
3 0.49375 0.528125 0.0921875 0.125
3 0.5921875 0.5171875 0.05546875 0.0921875
3 0.4359375 0.70234375 0.0703125 0.0984375
3 0.38984375 0.5875 0.08359375 0.0625
3 0.48515625 0.68125 0.08359375 0.12109375
3 0.90625 0.8 0.11953125 0.11328125
3 0.809375 0.83046875 0.128125 0.0953125
3 0.7 0.8203125 0.10703125 0.08203125
3 0.60390625 0.8390625 0.10859375 0.08046875
3 0.50859375 0.8328125 0.10859375 0.08046875
3 0.340625 0.16484375 0.08046875 0.0671875
3 0.44453125 0.16796875 0.0921875 0.0671875