3 0.234375 0.24453125 0.17265625 0.134375
3 0.15625 0.3703125 0.08359375 0.07734375
3 0.05625 0.415625 0.09375 0.09140625
3 0.10703125 0.58125 0.125 0.10625
3 0.0953125 0.7546875 0.07109375 0.15703125
3 0.28671875 0.7328125 0.0953125 0.1171875
3 0.1953125 0.78359375 0.07265625 0.1359375
3 0.484375 0.17421875 0.1359375 0.0984375
3 0.4421875 0.26328125 0.20859375 0.128125
3 0.66328125 0.25390625 0.1453125 0.09375
3 0.86015625 0.26328125 0.128125 0.17734375
3 0.85703125 0.10390625 0.17734375 0.15859375
3 0.64765625 0.1703125 0.08828125 0.08515625
3 0.2703125 0.10234375 0.1296875 0.103125
3 0.13515625 0.1421875 0.115625 0.1171875
3 0.0546875 0.07421875 0.096875 0.1328125
3 0.0828125 0.25859375 0.128125 0.08828125
3 0.24453125 0.53828125 0.09375 0.1046875
3 0.1234375 0.4953125 0.15703125 0.1015625
3 0.70390625 0.75703125 0.1109375 0.08515625
3 0.528125 0.87890625 0.08359375 0.096875
3 0.42421875 0.865625 0.1390625 0.1171875
3 0.32265625 0.87890625 0.0984375 0.128125
3 0.053125 0.93359375 0.06328125 0.1015625
3 0.2078125 0.95234375 0.16796875 0.07734375
3 0.8578125 0.89375 0.1140625 0.1109375
3 0.62109375 0.909375 0.09140625 0.08515625
3 0.69453125 0.94453125 0.1203125 0.08359375
3 0.9171875 0.91640625 0.109375 0.1390625
3 0.8109375 0.596875 0.09140625 0.16328125
3 0.8875 0.6859375 0.1078125 0.07578125
3 0.94921875 0.5234375 0.07734375 0.1265625
3 0.803125 0.3515625 0.1 0.1265625
3 0.29140625 0.3828125 0.15703125 0.18828125
3 0.3375 0.1703125 0.16484375 0.134375