1 0.23515625 0.18203125 0.1734375 0.3640625
1 0.19609375 0.42578125 0.12734375 0.20078125
1 0.34140625 0.4515625 0.10859375 0.190625
1 0.43671875 0.221875 0.1875 0.428125
1 0.65625 0.1265625 0.1140625 0.17890625
1 0.55546875 0.33359375 0.0921875 0.215625
1 0.88203125 0.57734375 0.15078125 0.21875
1 0.84375 0.73046875 0.1234375 0.28046875
1 0.76171875 0.80234375 0.09296875 0.2140625
1 0.8328125 0.92421875 0.1515625 0.13046875
1 0.60546875 0.8734375 0.1515625 0.1390625
1 0.40546875 0.80546875 0.1671875 0.2640625
1 0.27421875 0.84453125 0.1625 0.20234375
1 0.54609375 0.6546875 0.17265625 0.334375