3 0.37890625 0.4828125 0.44140625 0.21171875
3 0.128125 0.47265625 0.23359375 0.23203125
3 0.16953125 0.8390625 0.29140625 0.278125
3 0.6609375 0.72890625 0.3484375 0.2046875
3 0.48671875 0.89140625 0.2234375 0.21328125
3 0.8421875 0.91796875 0.2359375 0.1640625
3 0.32421875 0.68046875 0.3515625 0.278125
3 0.87265625 0.634375 0.25390625 0.2078125
3 0.69453125 0.41953125 0.225 0.19140625
3 0.87421875 0.25546875 0.2515625 0.1515625
3 0.8375 0.121875 0.3015625 0.18671875
3 0.57890625 0.2703125 0.2453125 0.16015625
3 0.328125 0.309375 0.296875 0.18828125
3 0.31640625 0.1109375 0.39296875 0.18515625
3 0.60078125 0.10859375 0.1484375 0.1734375
3 0.1140625 0.27109375 0.175 0.16484375
3 0.1234375 0.13828125 0.1734375 0.1703125