2 0.17109375 0.2 0.1453125 0.396875
2 0.09296875 0.36796875 0.17265625 0.4203125
2 0.3 0.1703125 0.15 0.340625
2 0.43828125 0.14609375 0.16796875 0.29140625
2 0.61640625 0.14140625 0.1921875 0.2828125
2 0.74140625 0.1265625 0.078125 0.253125
2 0.8265625 0.1203125 0.071875 0.23984375
2 0.89765625 0.22109375 0.19375 0.18203125
2 0.48359375 0.31953125 0.5921875 0.11171875
2 0.80078125 0.43671875 0.225 0.3203125
2 0.6671875 0.52578125 0.1859375 0.2515625
2 0.5234375 0.590625 0.1390625 0.2015625
2 0.415625 0.6046875 0.109375 0.26640625
2 0.2515625 0.57109375 0.165625 0.325
2 0.0796875 0.61328125 0.159375 0.1609375
2 0.0765625 0.775 0.15234375 0.2
2 0.22890625 0.8734375 0.121875 0.1796875
2 0.31796875 0.83046875 0.13203125 0.23203125
2 0.4203125 0.81328125 0.1078125 0.16640625
2 0.5390625 0.81015625 0.15234375 0.23984375
2 0.66875 0.7546875 0.1625 0.2296875
2 0.7828125 0.7578125 0.14453125 0.14140625
2 0.87734375 0.7 0.2 0.18984375
2 0.71875 0.9 0.1734375 0.1265625
2 0.61796875 0.9375 0.05859375 0.125