2 0.2609375 0.15546875 0.13125 0.203125
2 0.41640625 0.153125 0.1078125 0.15859375
2 0.57421875 0.15859375 0.1625 0.21640625
2 0.7171875 0.15390625 0.13359375 0.2
2 0.87890625 0.15234375 0.15078125 0.21640625
2 0.26484375 0.340625 0.14140625 0.15703125
2 0.40625 0.340625 0.1140625 0.15703125
2 0.5484375 0.34609375 0.13515625 0.15234375
2 0.71484375 0.3390625 0.13515625 0.1765625
2 0.86640625 0.35625 0.128125 0.175
2 0.0828125 0.50625 0.096875 0.9609375
2 0.2234375 0.72734375 0.115625 0.51875
2 0.3296875 0.8234375 0.075 0.28125
2 0.4609375 0.7828125 0.128125 0.39140625
2 0.6109375 0.72578125 0.15 0.46640625
2 0.78046875 0.76875 0.115625 0.40390625
2 0.91796875 0.73671875 0.07890625 0.47109375