1 0.20546875 0.36015625 0.084375 0.1171875
1 0.29453125 0.35859375 0.0765625 0.1171875
1 0.02734375 0.43125 0.05390625 0.11875
1 0.1359375 0.51171875 0.103125 0.0875
1 0.07421875 0.6109375 0.103125 0.0921875
1 0.09453125 0.7578125 0.09609375 0.15234375
1 0.0875 0.8921875 0.1171875 0.134375
1 0.1828125 0.884375 0.05859375 0.1296875
1 0.34609375 0.9421875 0.0953125 0.0921875
1 0.68203125 0.90078125 0.0890625 0.1171875
1 0.76171875 0.78203125 0.09921875 0.115625
1 0.8375 0.68203125 0.08125 0.09765625
1 0.73984375 0.6390625 0.0875 0.13125
1 0.65078125 0.634375 0.06484375 0.13984375
1 0.61875 0.73828125 0.0875 0.11015625
1 0.56796875 0.8515625 0.17734375 0.209375
1 0.43515625 0.9015625 0.09296875 0.125
1 0.453125 0.76875 0.07890625 0.125
1 0.36875 0.7703125 0.11328125 0.15078125
1 0.2921875 0.775 0.08046875 0.0921875
1 0.22109375 0.740625 0.065625 0.10703125
1 0.1859375 0.62265625 0.0765625 0.11171875
1 0.24140625 0.475 0.08046875 0.09921875
1 0.27578125 0.62265625 0.08046875 0.15390625
1 0.36015625 0.62734375 0.06484375 0.0796875
1 0.5078125 0.64609375 0.0734375 0.08125
1 0.434375 0.63671875 0.06171875 0.090625
1 0.36875 0.5328125 0.09296875 0.1203125
1 0.42734375 0.4125 0.1578125 0.06796875
1 0.31640625 0.4421875 0.0703125 0.0734375
1 0.45625 0.51484375 0.053125 0.08125
1 0.53984375 0.5328125 0.0875 0.06796875
1 0.6359375 0.546875 0.0703125 0.09765625
1 0.7359375 0.54921875 0.0734375 0.0859375
1 0.70390625 0.4859375 0.08515625 0.0859375
1 0.61484375 0.4515625 0.084375 0.0875
1 0.5515625 0.39375 0.08125 0.09609375
1 0.4765625 0.3375 0.09453125 0.075
1 0.56953125 0.3265625 0.05859375 0.05546875
1 0.696875 0.3015625 0.05390625 0.075
1 0.6625 0.3765625 0.0734375 0.10078125
1 0.7609375 0.38125 0.034375 0.090625
1 0.73359375 0.390625 0.05625 0.0921875
1 0.76015625 0.23515625 0.06796875 0.09453125
1 0.59140625 0.63125 0.059375 0.10390625