2 0.3015625 0.09296875 0.0984375 0.1640625
2 0.18359375 0.2125 0.11328125 0.13125
2 0.21484375 0.38046875 0.09453125 0.15
2 0.15703125 0.56171875 0.1953125 0.1
2 0.35859375 0.67890625 0.20859375 0.221875
2 0.18828125 0.696875 0.21875 0.1609375
2 0.125 0.81484375 0.23671875 0.159375
2 0.62734375 0.66796875 0.09609375 0.37578125
2 0.5125 0.696875 0.17421875 0.37734375
2 0.74296875 0.58046875 0.07109375 0.140625
2 0.9234375 0.68203125 0.153125 0.2046875
2 0.7453125 0.865625 0.084375 0.26875
2 0.49140625 0.85703125 0.1015625 0.2859375
2 0.4109375 0.41953125 0.184375 0.228125
2 0.5875 0.3953125 0.10390625 0.1359375
2 0.5140625 0.4734375 0.06328125 0.1265625
2 0.31953125 0.4640625 0.07890625 0.1359375
2 0.3125 0.26640625 0.08828125 0.1703125
2 0.515625 0.1828125 0.0875 0.2625
2 0.73828125 0.23203125 0.215625 0.1984375
2 0.6890625 0.07109375 0.17265625 0.1046875
2 0.8453125 0.12109375 0.0765625 0.1109375
2 0.75390625 0.46015625 0.2015625 0.121875
2 0.91953125 0.4328125 0.11328125 0.2265625
2 0.10625 0.38203125 0.16171875 0.115625
2 0.3359375 0.93828125 0.12421875 0.1109375
2 0.6578125 0.9359375 0.1296875 0.12734375
2 0.39140625 0.21328125 0.0671875 0.2390625