0 0.19140625 0.078125 0.09375 0.07578125
0 0.2578125 0.03671875 0.08671875 0.07265625
0 0.19921875 0.13984375 0.1390625 0.07265625
0 0.1953125 0.228125 0.0984375 0.12578125
0 0.13203125 0.42265625 0.065625 0.17265625
0 0.23515625 0.31640625 0.09609375 0.11328125
0 0.19921875 0.50859375 0.0609375 0.2359375
0 0.14765625 0.7640625 0.0671875 0.29375
0 0.2515625 0.6796875 0.1546875 0.134375
0 0.2453125 0.86171875 0.090625 0.22421875
0 0.37109375 0.71171875 0.078125 0.1796875
0 0.390625 0.88671875 0.1015625 0.20703125
0 0.39296875 0.5046875 0.0578125 0.1984375
0 0.29296875 0.475 0.0984375 0.19375
0 0.4453125 0.5765625 0.078125 0.21328125
0 0.51640625 0.66875 0.05625 0.2296875
0 0.565625 0.66640625 0.12109375 0.234375
0 0.58984375 0.796875 0.13828125 0.26640625
0 0.7078125 0.83671875 0.20390625 0.196875
0 0.8375 0.796875 0.21640625 0.25390625
0 0.74453125 0.5921875 0.23125 0.11484375
0 0.77265625 0.471875 0.17890625 0.096875
0 0.63828125 0.46953125 0.13671875 0.1890625
0 0.559375 0.453125 0.11328125 0.1859375
0 0.4546875 0.30234375 0.115625 0.184375
0 0.3953125 0.36484375 0.14453125 0.16796875
0 0.32265625 0.23828125 0.12890625 0.11796875
0 0.3375 0.121875 0.12421875 0.11484375
0 0.35546875 0.03125 0.1234375 0.0625
0 0.440625 0.06796875 0.1046875 0.06171875
0 0.45546875 0.1671875 0.1671875 0.1953125
0 0.51328125 0.146875 0.1015625 0.1328125
0 0.57109375 0.07578125 0.090625 0.096875
0 0.61484375 0.04921875 0.08828125 0.0921875
0 0.70234375 0.04921875 0.11171875 0.0984375
0 0.78984375 0.071875 0.115625 0.13046875
0 0.6984375 0.12109375 0.0875 0.16796875
0 0.63984375 0.146875 0.09609375 0.17734375
0 0.62109375 0.2109375 0.11171875 0.14375
0 0.58125 0.2703125 0.15234375 0.0984375
0 0.6484375 0.353125 0.13984375 0.146875
0 0.63984375 0.46171875 0.140625 0.12265625
0 0.7671875 0.46953125 0.14921875 0.11171875
0 0.77265625 0.27109375 0.13203125 0.18125
0 0.7703125 0.3703125 0.1515625 0.11640625
0 0.89765625 0.3984375 0.11484375 0.12734375
0 0.85 0.1953125 0.109375 0.15546875
0 0.76875 0.16171875 0.08125 0.17109375
0 0.81171875 0.0765625 0.1046875 0.0984375
0 0.94375 0.31796875 0.11171875 0.190625