3 0.04375 0.05234375 0.0609375 0.0609375
3 0.16015625 0.05390625 0.0921875 0.07109375
3 0.11796875 0.1671875 0.06796875 0.07265625
3 0.0796875 0.2765625 0.12578125 0.146875
3 0.3140625 0.24375 0.09921875 0.07734375
3 0.42421875 0.4203125 0.15078125 0.15078125
3 0.225 0.39140625 0.15859375 0.175
3 0.61875 0.68046875 0.32890625 0.2859375
3 0.20859375 0.7203125 0.26484375 0.27734375
3 0.715625 0.27734375 0.234375 0.30390625
3 0.4828125 0.1515625 0.19140625 0.196875
3 0.90546875 0.0859375 0.1390625 0.12265625
3 0.89609375 0.31953125 0.10546875 0.2
3 0.8828125 0.61484375 0.1390625 0.1984375
3 0.8625 0.865625 0.25625 0.26875
3 0.5734375 0.90390625 0.3203125 0.19140625