3 0.03359375 0.128125 0.05703125 0.06875
3 0.20859375 0.1 0.11640625 0.11015625
3 0.18203125 0.15078125 0.1296875 0.10703125
3 0.10546875 0.2125 0.09140625 0.08359375
3 0.09453125 0.31953125 0.13203125 0.08359375
3 0.0671875 0.43359375 0.08515625 0.0921875
3 0.196875 0.56796875 0.096875 0.14375
3 0.065625 0.596875 0.09140625 0.10390625
3 0.1421875 0.78359375 0.14140625 0.11015625
3 0.05546875 0.79140625 0.0484375 0.06484375
3 0.13984375 0.84140625 0.08359375 0.0984375
3 0.44921875 0.80390625 0.11796875 0.08671875
3 0.36953125 0.81484375 0.0984375 0.08828125
3 0.2953125 0.63515625 0.11015625 0.09375
3 0.3015625 0.5328125 0.0796875 0.090625
3 0.4 0.61171875 0.08359375 0.08359375
3 0.43828125 0.7046875 0.1 0.06171875
3 0.34765625 0.734375 0.078125 0.08515625
3 0.26328125 0.95 0.0703125 0.08515625
3 0.07421875 0.92578125 0.078125 0.08046875
3 0.25 0.23828125 0.06328125 0.08515625
3 0.184375 0.271875 0.06484375 0.10546875
3 0.225 0.40078125 0.08671875 0.1171875
3 0.1625 0.37734375 0.0515625 0.08046875
3 0.30234375 0.28828125 0.08203125 0.075
3 0.425 0.24453125 0.1203125 0.13515625
3 0.30859375 0.2171875 0.08671875 0.10390625
3 0.3296875 0.1515625 0.13359375 0.10546875
3 0.3734375 0.0390625 0.16328125 0.071875
3 0.5625 0.0609375 0.1015625 0.1015625
3 0.49765625 0.1171875 0.1015625 0.08046875
3 0.45390625 0.17890625 0.08828125 0.0734375
3 0.6015625 0.22421875 0.1265625 0.11328125
3 0.546875 0.328125 0.11640625 0.11875
3 0.46328125 0.36953125 0.08984375 0.08671875
3 0.38515625 0.3359375 0.06015625 0.05
3 0.33046875 0.3734375 0.078125 0.071875
3 0.33515625 0.4515625 0.0765625 0.06015625
3 0.434375 0.45546875 0.08515625 0.05546875
3 0.61484375 0.44609375 0.1 0.0734375
3 0.55390625 0.46171875 0.08515625 0.07890625
3 0.51796875 0.559375 0.1296875 0.10859375
3 0.42734375 0.5671875 0.1046875 0.17890625
3 0.5328125 0.65390625 0.075 0.06875
3 0.4734375 0.6890625 0.08359375 0.08203125
3 0.56328125 0.7203125 0.06640625 0.06328125
3 0.55390625 0.81953125 0.08203125 0.0953125
3 0.0921875 0.69765625 0.08515625 0.08828125
3 0.62734375 0.81875 0.08515625 0.08046875
3 0.54453125 0.93359375 0.078125 0.10859375
3 0.43046875 0.9328125 0.08203125 0.090625
3 0.328125 0.93671875 0.03671875 0.071875
3 0.69296875 0.10703125 0.103125 0.0703125
3 0.66171875 0.03671875 0.06328125 0.06328125
3 0.771875 0.06015625 0.09296875 0.0703125
3 0.88203125 0.03515625 0.06328125 0.06015625
3 0.78515625 0.121875 0.10703125 0.06328125
3 0.75546875 0.18671875 0.1015625 0.071875
3 0.7265625 0.2296875 0.08984375 0.06484375
3 0.7125 0.33203125 0.08515625 0.115625
3 0.80546875 0.29609375 0.1015625 0.1203125
3 0.70703125 0.39453125 0.1 0.096875
3 0.64453125 0.36875 0.06171875 0.08515625
3 0.753125 0.47265625 0.08359375 0.0734375
3 0.71796875 0.5203125 0.0796875 0.08515625
3 0.63203125 0.5296875 0.11015625 0.08046875
3 0.6203125 0.64609375 0.09296875 0.08203125
3 0.68984375 0.63359375 0.08359375 0.1171875
3 0.71953125 0.71015625 0.0515625 0.08359375
3 0.6328125 0.71015625 0.0515625 0.096875
3 0.63984375 0.7953125 0.08671875 0.05703125
3 0.74453125 0.7375 0.08515625 0.0921875
3 0.72109375 0.83359375 0.1515625 0.1
3 0.615625 0.90390625 0.0546875 0.0671875
3 0.55703125 0.9359375 0.08359375 0.0703125
3 0.7015625 0.9265625 0.05703125 0.06171875
3 0.8046875 0.37109375 0.06328125 0.0671875
3 0.84609375 0.40625 0.1046875 0.11015625
3 0.82578125 0.48984375 0.075 0.0703125
3 0.7453125 0.62578125 0.08359375 0.1421875
3 0.875 0.57265625 0.0765625 0.08203125
3 0.8390625 0.63671875 0.06484375 0.1
3 0.91953125 0.715625 0.06484375 0.046875
3 0.82890625 0.73828125 0.071875 0.06015625
3 0.81796875 0.81953125 0.06015625 0.07890625
3 0.8828125 0.87265625 0.08515625 0.0734375
3 0.8421875 0.9234375 0.1046875 0.0484375
3 0.86640625 0.9640625 0.103125 0.053125
3 0.771875 0.94296875 0.06015625 0.0921875
3 0.92109375 0.5125 0.06171875 0.06875
3 0.946875 0.59609375 0.06328125 0.0515625
3 0.925 0.27890625 0.08359375 0.090625
3 0.853125 0.1796875 0.03984375 0.03828125
3 0.8734375 0.03828125 0.05 0.06328125
3 0.9625 0.0703125 0.0546875 0.06015625
3 0.91640625 0.13671875 0.06640625 0.09375
3 0.85859375 0.1296875 0.11015625 0.13203125
3 0.96015625 0.3 0.0796875 0.084375
3 0.86796875 0.27109375 0.05703125 0.05703125
3 0.9390625 0.37421875 0.0984375 0.13359375
3 0.97109375 0.49296875 0.03828125 0.03359375
3 0.9671875 0.65546875 0.065625 0.05234375
3 0.93828125 0.72109375 0.06328125 0.05859375
3 0.87578125 0.79140625 0.1484375 0.0484375
3 0.9015625 0.8671875 0.08359375 0.0765625
3 0.9453125 0.92734375 0.06640625 0.046875