3 0.321875 0.53515625 0.11484375 0.128125
3 0.51875 0.57265625 0.24609375 0.12109375
3 0.2765625 0.653125 0.16328125 0.13125
3 0.46953125 0.73515625 0.271875 0.134375
3 0.71015625 0.52421875 0.21171875 0.1328125
3 0.49453125 0.415625 0.11953125 0.12109375
3 0.4375 0.290625 0.14921875 0.0890625
3 0.60625 0.23671875 0.34296875 0.11015625
3 0.678125 0.38046875 0.1296875 0.11484375
3 0.84609375 0.40859375 0.084375 0.0796875
3 0.24765625 0.33125 0.15703125 0.125
3 0.384375 0.1984375 0.0984375 0.06796875