1 0.20078125 0.65703125 0.13125 0.196875
1 0.546875 0.7921875 0.12890625 0.13984375
1 0.83203125 0.77578125 0.11875 0.16875
1 0.425 0.69140625 0.14765625 0.15859375
1 0.33203125 0.72421875 0.15390625 0.234375
1 0.3265625 0.53515625 0.1265625 0.16015625
1 0.61875 0.7390625 0.1375 0.1703125
1 0.55546875 0.39140625 0.18125 0.2796875
1 0.4515625 0.4703125 0.13515625 0.196875
1 0.49453125 0.6046875 0.1609375 0.15703125
1 0.8890625 0.62734375 0.16484375 0.1171875
1 0.77109375 0.590625 0.2078125 0.2296875