3 0.525 0.5078125 0.07890625 0.15078125
3 0.5453125 0.71328125 0.040625 0.08359375
3 0.4734375 0.75546875 0.0578125 0.096875
3 0.4171875 0.68828125 0.03515625 0.07109375
3 0.584375 0.81796875 0.0703125 0.07265625
3 0.7078125 0.86640625 0.08984375 0.10390625
3 0.80625 0.803125 0.0859375 0.075
3 0.86875 0.68203125 0.08671875 0.1109375
3 0.753125 0.6453125 0.09765625 0.10234375
3 0.89609375 0.57578125 0.10234375 0.1125
3 0.92265625 0.8390625 0.0671875 0.09921875
3 0.79765625 0.93828125 0.08203125 0.09921875
3 0.93125 0.9640625 0.09375 0.07109375
3 0.66640625 0.9609375 0.05390625 0.078125
3 0.58203125 0.946875 0.0796875 0.10625
3 0.50859375 0.91796875 0.1234375 0.1640625
3 0.40078125 0.96796875 0.08125 0.0640625
3 0.309375 0.95390625 0.08203125 0.0921875
3 0.0640625 0.81484375 0.128125 0.1984375
3 0.4234375 0.8265625 0.071875 0.096875
3 0.35078125 0.85625 0.0546875 0.0625
3 0.2796875 0.88984375 0.0484375 0.06796875
3 0.2546875 0.75703125 0.02734375 0.05234375
3 0.36875 0.7109375 0.06328125 0.0921875
3 0.44609375 0.628125 0.0453125 0.0453125
3 0.5046875 0.6453125 0.0328125 0.05703125
3 0.46640625 0.6984375 0.0421875 0.06796875
3 0.63125 0.71171875 0.053125 0.06953125
3 0.6890625 0.77265625 0.046875 0.05234375
3 0.865625 0.87421875 0.06171875 0.0953125