2 0.08515625 0.1375 0.13671875 0.13671875
2 0.253125 0.153125 0.1640625 0.17109375
2 0.421875 0.134375 0.15234375 0.14296875
2 0.56875 0.13984375 0.1109375 0.14140625
2 0.74296875 0.14296875 0.13984375 0.18125
2 0.9140625 0.14765625 0.15234375 0.159375
2 0.925 0.35703125 0.11484375 0.13515625
2 0.753125 0.371875 0.1625 0.13828125
2 0.584375 0.3859375 0.15546875 0.16328125
2 0.41953125 0.36953125 0.140625 0.13984375
2 0.2515625 0.3671875 0.1375 0.11875
2 0.08359375 0.37421875 0.12265625 0.121875
2 0.08984375 0.62109375 0.13671875 0.14140625
2 0.24140625 0.6109375 0.11484375 0.1515625
2 0.41796875 0.609375 0.15546875 0.14140625
2 0.58984375 0.60703125 0.16640625 0.1796875
2 0.74609375 0.62578125 0.11796875 0.17109375
2 0.91953125 0.61328125 0.1609375 0.1421875
2 0.91875 0.853125 0.1625 0.17421875
2 0.74765625 0.8375 0.1375 0.14296875
2 0.59453125 0.853125 0.1453125 0.19765625
2 0.4296875 0.840625 0.1375 0.153125
2 0.2484375 0.84296875 0.13515625 0.16796875
2 0.09375 0.825 0.13984375 0.128125