0 0.7359375 0.60859375 0.2203125 0.43125
0 0.1359375 0.73359375 0.16640625 0.246875
0 0.36875 0.83203125 0.2734375 0.2765625
0 0.41875 0.68671875 0.1609375 0.196875
0 0.29140625 0.58125 0.19140625 0.21796875
0 0.61015625 0.35 0.11875 0.22265625
0 0.52734375 0.16328125 0.0609375 0.1640625
0 0.76171875 0.21640625 0.25078125 0.378125
0 0.9453125 0.19765625 0.0640625 0.1640625
0 0.82265625 0.21171875 0.0796875 0.21328125
0 0.76328125 0.29375 0.08671875 0.20859375
0 0.7125 0.18671875 0.10390625 0.23046875
0 0.8921875 0.5640625 0.12578125 0.3484375